
' ' : [0, 0, 0, 0, 6, []],
'!' : [1, 9, 1, 0, 4, [128, 128, 128, 128, 128, 128, 128, 0, 128]],
'"' : [3, 4, 1, 6, 6, [160, 160, 160, 160]],
'#' : [6, 9, 0, 0, 7, [72, 72, 252, 72, 72, 72, 252, 72, 72]],
'$' : [6, 10, 0, -1, 7, [16, 124, 144, 144, 120, 36, 36, 36, 248, 32]],
'%' : [7, 9, 0, 0, 8, [96, 146, 148, 104, 16, 44, 82, 146, 12]],
'&' : [6, 9, 0, 0, 7, [112, 136, 136, 80, 100, 148, 136, 136, 116]],
''' : [1, 4, 1, 6, 4, [128, 128, 128, 128]],
'(' : [3, 11, 1, -1, 6, [32, 64, 64, 128, 128, 128, 128, 128, 64, 64, 32]],
')' : [3, 11, 1, -1, 6, [128, 64, 64, 32, 32, 32, 32, 32, 64, 64, 128]],
'*' : [5, 7, 0, 2, 6, [32, 168, 112, 32, 112, 168, 32]],
'+' : [7, 7, 0, 1, 8, [16, 16, 16, 254, 16, 16, 16]],
',' : [2, 2, 1, -1, 6, [64, 128]],
'-' : [6, 1, 0, 4, 7, [252]],
'.' : [1, 1, 2, 0, 6, [128]],
'/' : [5, 10, 1, -1, 8, [8, 8, 16, 16, 32, 32, 64, 64, 128, 128]],
'0' : [5, 9, 1, 0, 7, [112, 136, 136, 136, 136, 136, 136, 136, 112]],
'1' : [3, 9, 1, 0, 7, [32, 96, 160, 32, 32, 32, 32, 32, 32]],
'2' : [5, 9, 1, 0, 7, [112, 136, 136, 8, 16, 32, 64, 128, 248]],
'3' : [5, 9, 1, 0, 7, [248, 8, 16, 32, 112, 8, 8, 136, 112]],
'4' : [6, 9, 0, 0, 7, [24, 24, 40, 40, 72, 72, 252, 8, 8]],
'5' : [5, 9, 1, 0, 7, [248, 128, 128, 240, 8, 8, 136, 136, 112]],
'6' : [5, 9, 1, 0, 7, [48, 64, 128, 240, 136, 136, 136, 136, 112]],
'7' : [5, 9, 1, 0, 7, [248, 8, 8, 16, 16, 32, 32, 64, 64]],
'8' : [5, 9, 1, 0, 7, [112, 136, 136, 136, 112, 136, 136, 136, 112]],
'9' : [5, 9, 1, 0, 7, [112, 136, 136, 136, 136, 120, 8, 16, 96]],
':' : [1, 5, 2, 1, 6, [128, 0, 0, 0, 128]],
';' : [2, 6, 1, 0, 6, [64, 0, 0, 0, 64, 128]],
'<' : [5, 9, 1, 0, 8, [8, 16, 32, 64, 128, 64, 32, 16, 8]],
'=' : [6, 3, 0, 3, 7, [252, 0, 252]],
'>' : [5, 9, 1, 0, 8, [128, 64, 32, 16, 8, 16, 32, 64, 128]],
'?' : [6, 9, 0, 0, 7, [120, 132, 132, 8, 16, 32, 32, 0, 32]],
'@' : [7, 9, 0, 0, 8, [60, 66, 158, 162, 162, 162, 156, 64, 60]],
'A' : [7, 9, 0, 0, 8, [16, 16, 40, 40, 68, 68, 124, 130, 130]],
'B' : [6, 9, 0, 0, 7, [248, 132, 132, 132, 248, 132, 132, 132, 248]],
'C' : [6, 9, 0, 0, 7, [56, 68, 128, 128, 128, 128, 128, 68, 56]],
'D' : [7, 9, 0, 0, 8, [248, 132, 130, 130, 130, 130, 130, 132, 248]],
'E' : [6, 9, 0, 0, 7, [252, 128, 128, 128, 248, 128, 128, 128, 252]],
'F' : [6, 9, 0, 0, 7, [252, 128, 128, 128, 248, 128, 128, 128, 128]],
'G' : [7, 9, 0, 0, 8, [60, 66, 128, 128, 142, 130, 130, 70, 58]],
'H' : [7, 9, 0, 0, 8, [130, 130, 130, 130, 254, 130, 130, 130, 130]],
'I' : [1, 9, 1, 0, 4, [128, 128, 128, 128, 128, 128, 128, 128, 128]],
'J' : [6, 9, 0, 0, 7, [4, 4, 4, 4, 4, 4, 132, 136, 112]],
'K' : [6, 9, 0, 0, 7, [132, 136, 144, 160, 192, 160, 144, 136, 132]],
'L' : [6, 9, 0, 0, 7, [128, 128, 128, 128, 128, 128, 128, 128, 252]],
'M' : [9, 9, 0, 0, 10, [32896, 49536, 41600, 38016, 34944, 32896, 32896, 32896, 32896]],
'N' : [7, 9, 0, 0, 8, [130, 194, 162, 146, 138, 134, 130, 130, 130]],
'O' : [7, 9, 0, 0, 8, [56, 68, 130, 130, 130, 130, 130, 68, 56]],
'P' : [6, 9, 0, 0, 7, [248, 132, 132, 132, 248, 128, 128, 128, 128]],
'Q' : [7, 11, 0, -2, 8, [56, 68, 130, 130, 130, 130, 130, 68, 56, 8, 6]],
'R' : [6, 9, 0, 0, 7, [248, 132, 132, 132, 248, 160, 144, 136, 132]],
'S' : [6, 9, 0, 0, 7, [120, 132, 128, 128, 120, 4, 4, 132, 120]],
'T' : [7, 9, 0, 0, 8, [254, 16, 16, 16, 16, 16, 16, 16, 16]],
'U' : [7, 9, 0, 0, 8, [130, 130, 130, 130, 130, 130, 130, 68, 56]],
'V' : [7, 9, 0, 0, 8, [130, 130, 68, 68, 68, 40, 40, 16, 16]],
'W' : [9, 9, 0, 0, 10, [34944, 34944, 34944, 18688, 21760, 21760, 8704, 8704, 8704]],
'X' : [6, 9, 0, 0, 7, [132, 132, 72, 72, 48, 72, 72, 132, 132]],
'Y' : [7, 9, 0, 0, 8, [130, 130, 68, 68, 40, 16, 16, 16, 16]],
'Z' : [6, 9, 0, 0, 7, [252, 4, 8, 16, 32, 64, 128, 128, 252]],
'[' : [3, 11, 1, -1, 6, [224, 128, 128, 128, 128, 128, 128, 128, 128, 128, 224]],
'\' : [5, 10, 1, -1, 8, [128, 128, 64, 64, 32, 32, 16, 16, 8, 8]],
']' : [3, 11, 1, -1, 6, [224, 32, 32, 32, 32, 32, 32, 32, 32, 32, 224]],
'^' : [5, 3, 0, 7, 6, [32, 80, 136]],
'_' : [6, 1, 0, -1, 7, [252]],
'`' : [2, 4, 1, 6, 5, [128, 128, 64, 64]],
'a' : [5, 6, 0, 0, 6, [112, 8, 120, 136, 136, 120]],
'b' : [5, 9, 0, 0, 6, [128, 128, 128, 240, 136, 136, 136, 136, 240]],
'c' : [5, 6, 0, 0, 6, [112, 136, 128, 128, 136, 112]],
'd' : [5, 9, 0, 0, 6, [8, 8, 8, 120, 136, 136, 136, 136, 120]],
'e' : [5, 6, 0, 0, 6, [112, 136, 248, 128, 136, 112]],
'f' : [5, 9, 0, 0, 6, [24, 32, 32, 32, 248, 32, 32, 32, 32]],
'g' : [5, 9, 0, -3, 6, [120, 136, 136, 136, 136, 120, 8, 136, 112]],
'h' : [5, 9, 0, 0, 6, [128, 128, 128, 176, 200, 136, 136, 136, 136]],
'i' : [1, 10, 1, 0, 4, [128, 0, 0, 0, 128, 128, 128, 128, 128, 128]],
'j' : [4, 13, -1, -3, 5, [16, 0, 0, 0, 16, 16, 16, 16, 16, 16, 16, 32, 192]],
'k' : [5, 9, 0, 0, 6, [128, 128, 128, 144, 160, 192, 160, 144, 136]],
'l' : [1, 9, 1, 0, 4, [128, 128, 128, 128, 128, 128, 128, 128, 128]],
'm' : [7, 6, 0, 0, 8, [252, 146, 146, 146, 146, 146]],
'n' : [5, 6, 0, 0, 6, [176, 200, 136, 136, 136, 136]],
'o' : [5, 6, 0, 0, 6, [112, 136, 136, 136, 136, 112]],
'p' : [5, 9, 0, -3, 6, [240, 136, 136, 136, 136, 240, 128, 128, 128]],
'q' : [5, 9, 0, -3, 6, [120, 136, 136, 136, 136, 120, 8, 8, 8]],
'r' : [4, 6, 0, 0, 5, [176, 192, 128, 128, 128, 128]],
's' : [5, 6, 0, 0, 6, [112, 136, 112, 8, 136, 112]],
't' : [4, 9, 0, 0, 5, [64, 64, 64, 240, 64, 64, 64, 64, 48]],
'u' : [5, 6, 0, 0, 6, [136, 136, 136, 136, 152, 104]],
'v' : [5, 6, 0, 0, 6, [136, 136, 80, 80, 32, 32]],
'w' : [9, 6, 0, 0, 10, [34944, 34944, 21760, 21760, 8704, 8704]],
'x' : [5, 6, 0, 0, 6, [136, 80, 32, 32, 80, 136]],
'y' : [5, 9, 0, -3, 6, [136, 136, 136, 136, 136, 120, 8, 136, 112]],
'z' : [5, 6, 0, 0, 6, [248, 16, 32, 64, 128, 248]],
'{' : [5, 11, 1, -1, 8, [24, 32, 32, 32, 32, 192, 32, 32, 32, 32, 24]],
'|' : [1, 11, 2, -1, 6, [128, 128, 128, 128, 128, 128, 128, 128, 128, 128, 128]],
'}' : [5, 11, 1, -1, 8, [192, 32, 32, 32, 32, 24, 32, 32, 32, 32, 192]],
'~' : [6, 2, 0, 7, 7, [100, 152]],
'' : [0, 0, 0, 0, 0, []],
' ' : [0, 0, 0, 0, 0, []],
'¡' : [1, 9, 1, 0, 4, [128, 0, 128, 128, 128, 128, 128, 128, 128]],
'¢' : [5, 9, 0, 0, 6, [32, 32, 112, 168, 160, 160, 160, 120, 32]],
'£' : [6, 9, 0, 0, 7, [56, 68, 64, 64, 248, 64, 64, 96, 156]],
'¤' : [6, 6, 0, 1, 7, [132, 120, 72, 72, 120, 132]],
'¥' : [7, 9, 0, 0, 8, [130, 68, 40, 16, 254, 16, 254, 16, 16]],
'¦' : [1, 11, 2, -1, 6, [128, 128, 128, 128, 128, 0, 128, 128, 128, 128, 128]],
'§' : [5, 11, 0, -1, 6, [112, 136, 128, 96, 144, 136, 72, 48, 8, 136, 112]],
'¨' : [6, 1, 0, 8, 7, [204]],
'©' : [9, 9, 0, 0, 10, [15872, 16640, 40064, 41088, 41088, 41088, 40064, 16640, 15872]],
'ª' : [5, 9, 0, 0, 6, [112, 8, 120, 136, 136, 120, 0, 0, 248]],
'«' : [8, 9, 0, 0, 9, [9, 18, 36, 72, 144, 72, 36, 18, 9]],
'¬' : [7, 3, 0, 2, 8, [254, 2, 2]],
'­' : [6, 1, 0, 4, 7, [252]],
'®' : [9, 9, 0, 0, 10, [15872, 16640, 48768, 41600, 48256, 41600, 41600, 16640, 15872]],
'¯' : [6, 1, 0, 8, 7, [252]],
'°' : [4, 4, 0, 6, 5, [96, 144, 144, 96]],
'±' : [7, 9, 0, 0, 8, [16, 16, 16, 254, 16, 16, 16, 0, 254]],
'²' : [4, 6, 0, 4, 5, [96, 144, 16, 32, 64, 240]],
'³' : [4, 6, 0, 4, 5, [240, 32, 96, 16, 144, 96]],
'´' : [3, 3, 1, 8, 6, [32, 64, 128]],
'µ' : [5, 9, 0, -3, 6, [136, 136, 136, 136, 152, 232, 128, 128, 128]],
'¶' : [6, 9, 0, 0, 7, [60, 116, 244, 244, 116, 52, 20, 20, 20]],
'·' : [1, 1, 2, 4, 6, [128]],
'¸' : [3, 3, 1, -2, 6, [32, 64, 128]],
'¹' : [3, 6, 0, 4, 5, [32, 96, 160, 32, 32, 32]],
'º' : [5, 8, 0, 2, 5, [112, 136, 136, 136, 112, 0, 0, 248]],
'»' : [8, 9, 0, 0, 9, [144, 72, 36, 18, 9, 18, 36, 72, 144]],
'¼' : [7, 9, 0, 0, 8, [64, 194, 68, 72, 16, 44, 84, 158, 4]],
'½' : [7, 9, 0, 0, 8, [64, 194, 68, 72, 16, 44, 66, 132, 14]],
'¾' : [7, 9, 0, 0, 8, [224, 66, 36, 200, 16, 44, 84, 158, 4]],
'¿' : [5, 9, 0, 0, 6, [32, 0, 32, 32, 64, 128, 136, 136, 112]],
'À' : [7, 11, 0, 0, 8, [16, 8, 0, 16, 16, 40, 40, 68, 124, 130, 130]],
'Á' : [7, 11, 0, 0, 8, [8, 16, 0, 16, 16, 40, 40, 68, 124, 130, 130]],
'Â' : [7, 11, 0, 0, 8, [24, 36, 0, 16, 16, 40, 40, 68, 124, 130, 130]],
'Ã' : [7, 11, 0, 0, 8, [50, 76, 0, 16, 16, 40, 40, 68, 124, 130, 130]],
'Ä' : [7, 11, 0, 0, 8, [36, 36, 0, 16, 16, 40, 40, 68, 124, 130, 130]],
'Å' : [7, 11, 0, 0, 8, [24, 36, 36, 24, 16, 40, 40, 68, 124, 130, 130]],
'Æ' : [8, 9, 0, 0, 9, [63, 40, 40, 72, 79, 120, 136, 136, 143]],
'Ç' : [6, 11, 0, -2, 7, [56, 68, 128, 128, 128, 128, 128, 68, 56, 16, 32]],
'È' : [6, 11, 0, 0, 7, [32, 16, 0, 252, 128, 128, 248, 128, 128, 128, 252]],
'É' : [6, 11, 0, 0, 7, [16, 32, 0, 252, 128, 128, 248, 128, 128, 128, 252]],
'Ê' : [6, 11, 0, 0, 7, [48, 72, 0, 252, 128, 128, 248, 128, 128, 128, 252]],
'Ë' : [6, 11, 0, 0, 7, [72, 72, 0, 252, 128, 128, 248, 128, 128, 128, 252]],
'Ì' : [2, 11, 1, 0, 4, [128, 64, 0, 128, 128, 128, 128, 128, 128, 128, 128]],
'Í' : [2, 11, 1, 0, 4, [64, 128, 0, 128, 128, 128, 128, 128, 128, 128, 128]],
'Î' : [4, 11, 0, 0, 4, [96, 144, 0, 64, 64, 64, 64, 64, 64, 64, 64]],
'Ï' : [4, 11, 0, 0, 4, [144, 144, 0, 64, 64, 64, 64, 64, 64, 64, 64]],
'Ð' : [8, 9, 0, 0, 9, [124, 66, 65, 65, 249, 65, 65, 66, 124]],
'Ñ' : [7, 11, 0, 0, 8, [50, 76, 0, 130, 194, 162, 146, 138, 134, 130, 130]],
'Ò' : [7, 11, 0, 0, 8, [16, 8, 0, 56, 68, 130, 130, 130, 130, 68, 56]],
'Ó' : [7, 11, 0, 0, 8, [8, 16, 0, 56, 68, 130, 130, 130, 130, 68, 56]],
'Ô' : [7, 11, 0, 0, 8, [24, 36, 0, 56, 68, 130, 130, 130, 130, 68, 56]],
'Õ' : [7, 11, 0, 0, 8, [50, 76, 0, 56, 68, 130, 130, 130, 130, 68, 56]],
'Ö' : [7, 11, 0, 0, 8, [36, 36, 0, 56, 68, 130, 130, 130, 130, 68, 56]],
'×' : [7, 7, 0, 1, 8, [130, 68, 40, 16, 40, 68, 130]],
'Ø' : [9, 11, -1, -1, 9, [128, 7424, 8704, 17152, 17664, 18688, 20736, 24832, 8704, 23552, 32768]],
'Ù' : [7, 11, 0, 0, 8, [16, 8, 0, 130, 130, 130, 130, 130, 130, 68, 56]],
'Ú' : [7, 11, 0, 0, 8, [8, 16, 0, 130, 130, 130, 130, 130, 130, 68, 56]],
'Û' : [7, 11, 0, 0, 8, [24, 36, 0, 130, 130, 130, 130, 130, 130, 68, 56]],
'Ü' : [7, 11, 0, 0, 8, [36, 36, 0, 130, 130, 130, 130, 130, 130, 68, 56]],
'Ý' : [7, 11, 0, 0, 8, [8, 16, 0, 130, 130, 68, 40, 16, 16, 16, 16]],
'Þ' : [6, 10, 0, 0, 7, [128, 128, 248, 132, 132, 132, 248, 128, 128, 128]],
'ß' : [5, 11, 0, -3, 6, [112, 136, 136, 240, 136, 136, 136, 240, 128, 128, 128]],
'à' : [5, 11, 0, 0, 6, [32, 16, 0, 0, 0, 112, 8, 120, 136, 136, 120]],
'á' : [5, 11, 0, 0, 6, [16, 32, 0, 0, 0, 112, 8, 120, 136, 136, 120]],
'â' : [5, 11, 0, 0, 6, [48, 72, 0, 0, 0, 112, 8, 120, 136, 136, 120]],
'ã' : [6, 11, 0, 0, 6, [100, 152, 0, 0, 0, 112, 8, 120, 136, 136, 120]],
'ä' : [5, 11, 0, 0, 6, [72, 72, 0, 0, 0, 112, 8, 120, 136, 136, 120]],
'å' : [5, 11, 0, 0, 6, [48, 72, 72, 48, 0, 112, 8, 120, 136, 136, 120]],
'æ' : [9, 6, 0, 0, 10, [32512, 2176, 32640, 34816, 34944, 30464]],
'ç' : [5, 8, 0, -2, 6, [112, 136, 128, 128, 136, 112, 32, 64]],
'è' : [5, 11, 0, 0, 6, [32, 16, 0, 0, 0, 112, 136, 248, 128, 136, 112]],
'é' : [5, 11, 0, 0, 6, [16, 32, 0, 0, 0, 112, 136, 248, 128, 136, 112]],
'ê' : [5, 11, 0, 0, 6, [48, 72, 0, 0, 0, 112, 136, 248, 128, 136, 112]],
'ë' : [5, 11, 0, 0, 6, [72, 72, 0, 0, 0, 112, 136, 248, 128, 136, 112]],
'ì' : [2, 11, 1, 0, 4, [128, 64, 0, 0, 0, 128, 128, 128, 128, 128, 128]],
'í' : [2, 11, 1, 0, 4, [64, 128, 0, 0, 0, 128, 128, 128, 128, 128, 128]],
'î' : [4, 11, 0, 0, 4, [96, 144, 0, 0, 0, 64, 64, 64, 64, 64, 64]],
'ï' : [4, 11, 0, 0, 4, [144, 144, 0, 0, 0, 64, 64, 64, 64, 64, 64]],
'ð' : [5, 10, 0, 0, 6, [192, 56, 224, 16, 112, 136, 136, 136, 136, 112]],
'ñ' : [6, 11, 0, 0, 6, [100, 152, 0, 0, 0, 176, 200, 136, 136, 136, 136]],
'ò' : [5, 11, 0, 0, 6, [32, 16, 0, 0, 0, 112, 136, 136, 136, 136, 112]],
'ó' : [5, 11, 0, 0, 6, [16, 32, 0, 0, 0, 112, 136, 136, 136, 136, 112]],
'ô' : [5, 11, 0, 0, 6, [48, 72, 0, 0, 0, 112, 136, 136, 136, 136, 112]],
'õ' : [6, 11, 0, 0, 6, [100, 152, 0, 0, 0, 112, 136, 136, 136, 136, 112]],
'ö' : [5, 11, 0, 0, 6, [72, 72, 0, 0, 0, 112, 136, 136, 136, 136, 112]],
'÷' : [7, 9, 0, 0, 8, [16, 16, 0, 0, 254, 0, 0, 16, 16]],
'ø' : [5, 8, 0, -1, 6, [8, 112, 152, 168, 168, 200, 112, 128]],
'ù' : [5, 11, 0, 0, 6, [32, 16, 0, 0, 0, 136, 136, 136, 136, 152, 104]],
'ú' : [5, 11, 0, 0, 6, [16, 32, 0, 0, 0, 136, 136, 136, 136, 152, 104]],
'û' : [5, 11, 0, 0, 6, [48, 72, 0, 0, 0, 136, 136, 136, 136, 152, 104]],
'ü' : [5, 11, 0, 0, 6, [72, 72, 0, 0, 0, 136, 136, 136, 136, 152, 104]],
'ý' : [5, 14, 0, -3, 6, [16, 32, 0, 0, 0, 136, 136, 136, 136, 136, 120, 8, 136, 112]],
'þ' : [5, 11, 0, -3, 6, [128, 128, 240, 136, 136, 136, 136, 240, 128, 128, 128]],
'ÿ' : [5, 14, 0, -3, 6, [72, 72, 0, 0, 0, 136, 136, 136, 136, 136, 120, 8, 136, 112]],